epochs,meta,num_hid,priority,done,time
20.0,0.5,1024.0,2.0,1.0,3601.199567
20.0,1.0,4096.0,2.0,1.0,1778.996579
40.0,0.0,1024.0,2.0,1.0,11029.979889
40.0,0.5,4096.0,2.0,1.0,0.0
40.0,1.35,1024.0,2.0,0.0,0.0
20.0,2.0,4096.0,1.0,0.0,0.0
10.0,0.0,1024.0,0.0,0.0,0.0
10.0,0.5,4096.0,0.0,0.0,0.0
10.0,1.0,1024.0,0.0,0.0,0.0
10.0,1.35,4096.0,0.0,0.0,0.0
10.0,2.0,1024.0,0.0,0.0,0.0
10.0,3.0,4096.0,0.0,0.0,0.0
20.0,1.5,1024.0,0.0,0.0,0.0
20.0,3.0,4096.0,0.0,0.0,0.0
40.0,1.5,1024.0,0.0,0.0,0.0
40.0,3.0,4096.0,0.0,0.0,0.0
60.0,0.5,1024.0,0.0,0.0,0.0
60.0,0.7,4096.0,0.0,0.0,0.0
60.0,1.35,1024.0,0.0,0.0,0.0
60.0,1.5,4096.0,0.0,0.0,0.0
60.0,3.0,1024.0,0.0,0.0,0.0
,,,,1.0,3467.547587
,,,,1.0,3519.331047
,,,,1.0,7090.402479
,,,,1.0,7107.116354
,,,,1.0,7154.435395
,,,,1.0,1768.616334
,,,,1.0,1786.405261
,,,,1.0,1771.624043
,,,,1.0,1776.333672
,,,,1.0,1769.635975
,,,,1.0,3560.261353
,,,,1.0,3609.329885
,,,,1.0,7120.353681
,,,,1.0,7103.911331
,,,,1.0,10726.079086
,,,,1.0,10779.947272
,,,,1.0,10676.217457
,,,,1.0,10760.972995
